estevamfurtado@Estevams-MacBook-Pro micrograd-go % go run ./examples/mnist
train: 60000 samples, test: 10000 samples
model: 12730 parameters
hidden_size=16 limit=60000 test_limit=10000 epochs=10 batch_size=32 lr=0.02
training started (0.00 min)
initial test accuracy: 6.2%
epoch | batch |    min |   loss | accuracy
epoch 0 started (0.11 min, lr 0.020)
    0 |     0 |   0.11 |   2.32 |     9.4%
    0 |    50 |   0.16 |   2.06 |    62.5%
    0 |   100 |   0.21 |   1.70 |    59.4%
    0 |   150 |   0.26 |   1.61 |    65.6%
    0 |   200 |   0.30 |   1.24 |    75.0%
    0 |   250 |   0.35 |   1.16 |    75.0%
    0 |   300 |   0.39 |   0.72 |    93.8%
    0 |   350 |   0.44 |   0.95 |    75.0%
    0 |   400 |   0.48 |   0.67 |    81.2%
    0 |   450 |   0.53 |   0.86 |    78.1%
    0 |   500 |   0.58 |   0.76 |    84.4%
    0 |   550 |   0.62 |   0.59 |    84.4%
    0 |   600 |   0.67 |   0.80 |    78.1%
    0 |   650 |   0.71 |   0.46 |    87.5%
    0 |   700 |   0.76 |   0.45 |    90.6%
    0 |   750 |   0.81 |   0.66 |    75.0%
    0 |   800 |   0.86 |   0.44 |    93.8%
    0 |   850 |   0.91 |   0.22 |   100.0%
    0 |   900 |   0.95 |   0.52 |    81.2%
    0 |   950 |   1.00 |   0.38 |    87.5%
    0 |  1000 |   1.04 |   0.62 |    78.1%
    0 |  1050 |   1.09 |   0.57 |    90.6%
    0 |  1100 |   1.13 |   0.33 |    93.8%
    0 |  1150 |   1.18 |   0.55 |    84.4%
    0 |  1200 |   1.22 |   0.28 |    90.6%
    0 |  1250 |   1.27 |   0.38 |    87.5%
    0 |  1300 |   1.32 |   0.42 |    81.2%
    0 |  1350 |   1.36 |   0.47 |    84.4%
    0 |  1400 |   1.41 |   0.34 |    90.6%
    0 |  1450 |   1.46 |   0.46 |    84.4%
    0 |  1500 |   1.50 |   0.31 |    93.8%
    0 |  1550 |   1.54 |   0.34 |    90.6%
    0 |  1600 |   1.59 |   0.34 |    93.8%
    0 |  1650 |   1.63 |   0.36 |    90.6%
    0 |  1700 |   1.68 |   0.69 |    87.5%
    0 |  1750 |   1.72 |   0.43 |    87.5%
    0 |  1800 |   1.77 |   0.48 |    84.4%
    0 |  1850 |   1.81 |   0.47 |    84.4%
epoch 0 done (2.48 min): test 89.7%, train 89.3%
epoch 1 started (2.48 min, lr 0.018)
    1 |     0 |   2.48 |   0.58 |    81.2%
    1 |    50 |   2.52 |   0.35 |    93.8%
    1 |   100 |   2.57 |   0.38 |    87.5%
    1 |   150 |   2.61 |   0.28 |    93.8%
    1 |   200 |   2.66 |   0.38 |    93.8%
    1 |   250 |   2.70 |   0.23 |    93.8%
    1 |   300 |   2.75 |   0.40 |    90.6%
    1 |   350 |   2.79 |   0.17 |    96.9%
    1 |   400 |   2.84 |   0.31 |    87.5%
    1 |   450 |   2.88 |   0.57 |    81.2%
    1 |   500 |   2.93 |   0.37 |    90.6%
    1 |   550 |   2.97 |   0.20 |    93.8%
    1 |   600 |   3.02 |   0.32 |    90.6%
    1 |   650 |   3.06 |   0.25 |    93.8%
    1 |   700 |   3.11 |   0.39 |    87.5%
    1 |   750 |   3.15 |   0.53 |    87.5%
    1 |   800 |   3.20 |   0.55 |    87.5%
    1 |   850 |   3.24 |   0.44 |    87.5%
    1 |   900 |   3.29 |   0.13 |    96.9%
    1 |   950 |   3.33 |   0.66 |    87.5%
    1 |  1000 |   3.38 |   0.83 |    87.5%
    1 |  1050 |   3.42 |   0.16 |    96.9%
    1 |  1100 |   3.47 |   0.15 |    96.9%
    1 |  1150 |   3.51 |   0.13 |    96.9%
    1 |  1200 |   3.56 |   0.30 |    90.6%
    1 |  1250 |   3.60 |   0.32 |    87.5%
    1 |  1300 |   3.65 |   0.41 |    87.5%
    1 |  1350 |   3.69 |   0.30 |    90.6%
    1 |  1400 |   3.73 |   0.25 |    93.8%
    1 |  1450 |   3.78 |   0.34 |    84.4%
    1 |  1500 |   3.82 |   0.17 |    96.9%
    1 |  1550 |   3.87 |   0.28 |    87.5%
    1 |  1600 |   3.91 |   0.13 |   100.0%
    1 |  1650 |   3.96 |   0.28 |    87.5%
    1 |  1700 |   4.00 |   0.45 |    90.6%
    1 |  1750 |   4.05 |   0.18 |    93.8%
    1 |  1800 |   4.09 |   0.35 |    93.8%
    1 |  1850 |   4.14 |   0.32 |    87.5%
epoch 1 done (4.80 min): test 91.5%, train 90.9%
epoch 2 started (4.80 min, lr 0.016)
    2 |     0 |   4.80 |   0.41 |    87.5%
    2 |    50 |   4.84 |   0.45 |    90.6%
    2 |   100 |   4.89 |   0.31 |    90.6%
    2 |   150 |   4.94 |   0.75 |    84.4%
    2 |   200 |   4.98 |   0.32 |    93.8%
    2 |   250 |   5.02 |   0.11 |   100.0%
    2 |   300 |   5.07 |   0.40 |    84.4%
    2 |   350 |   5.12 |   0.24 |    93.8%
    2 |   400 |   5.16 |   0.45 |    84.4%
    2 |   450 |   5.21 |   0.42 |    84.4%
    2 |   500 |   5.25 |   0.32 |    93.8%
    2 |   550 |   5.30 |   0.16 |    93.8%
    2 |   600 |   5.34 |   0.30 |    90.6%
    2 |   650 |   5.38 |   0.29 |    84.4%
    2 |   700 |   5.43 |   0.19 |    93.8%
    2 |   750 |   5.47 |   0.56 |    90.6%
    2 |   800 |   5.52 |   0.16 |    93.8%
    2 |   850 |   5.56 |   0.55 |    84.4%
    2 |   900 |   5.61 |   0.11 |   100.0%
    2 |   950 |   5.66 |   0.21 |    93.8%
    2 |  1000 |   5.70 |   0.47 |    90.6%
    2 |  1050 |   5.75 |   0.13 |   100.0%
    2 |  1100 |   5.80 |   0.31 |    90.6%
    2 |  1150 |   5.84 |   0.33 |    93.8%
    2 |  1200 |   5.89 |   0.30 |    96.9%
    2 |  1250 |   5.93 |   0.20 |    93.8%
    2 |  1300 |   5.98 |   0.21 |    93.8%
    2 |  1350 |   6.02 |   0.24 |    90.6%
    2 |  1400 |   6.07 |   0.38 |    93.8%
    2 |  1450 |   6.11 |   0.17 |    96.9%
    2 |  1500 |   6.16 |   0.24 |    93.8%
    2 |  1550 |   6.21 |   0.06 |   100.0%
    2 |  1600 |   6.25 |   0.55 |    87.5%
    2 |  1650 |   6.30 |   0.68 |    87.5%
    2 |  1700 |   6.34 |   0.28 |    87.5%
    2 |  1750 |   6.39 |   0.24 |    90.6%
    2 |  1800 |   6.43 |   0.20 |    93.8%
    2 |  1850 |   6.48 |   0.33 |    93.8%
epoch 2 done (7.13 min): test 92.0%, train 91.8%
epoch 3 started (7.13 min, lr 0.015)
    3 |     0 |   7.14 |   0.17 |    93.8%
    3 |    50 |   7.18 |   0.28 |    87.5%
    3 |   100 |   7.23 |   0.17 |    96.9%
    3 |   150 |   7.27 |   0.13 |    93.8%
    3 |   200 |   7.32 |   0.31 |    93.8%
    3 |   250 |   7.37 |   0.14 |    96.9%
    3 |   300 |   7.42 |   0.21 |    93.8%
    3 |   350 |   7.47 |   0.39 |    90.6%
    3 |   400 |   7.53 |   0.40 |    81.2%
    3 |   450 |   7.58 |   0.36 |    90.6%
    3 |   500 |   7.63 |   0.30 |    84.4%
    3 |   550 |   7.68 |   0.22 |    96.9%
    3 |   600 |   7.73 |   0.13 |    93.8%
    3 |   650 |   7.79 |   0.15 |    96.9%
    3 |   700 |   7.85 |   0.18 |    93.8%
    3 |   750 |   7.91 |   0.34 |    93.8%
    3 |   800 |   7.97 |   0.52 |    87.5%
    3 |   850 |   8.03 |   0.68 |    87.5%
    3 |   900 |   8.08 |   0.28 |    96.9%
    3 |   950 |   8.14 |   0.30 |    96.9%
    3 |  1000 |   8.19 |   0.13 |    96.9%
    3 |  1050 |   8.24 |   0.43 |    90.6%
    3 |  1100 |   8.29 |   0.55 |    90.6%
    3 |  1150 |   8.34 |   0.30 |    87.5%
    3 |  1200 |   8.38 |   0.57 |    93.8%
    3 |  1250 |   8.43 |   0.25 |    96.9%
    3 |  1300 |   8.48 |   0.09 |   100.0%
    3 |  1350 |   8.53 |   0.15 |    96.9%
    3 |  1400 |   8.58 |   0.19 |    93.8%
    3 |  1450 |   8.62 |   0.24 |    90.6%
    3 |  1500 |   8.67 |   0.16 |    96.9%
    3 |  1550 |   8.72 |   0.47 |    84.4%
    3 |  1600 |   8.77 |   0.30 |    90.6%
    3 |  1650 |   8.81 |   0.11 |   100.0%
    3 |  1700 |   8.86 |   0.21 |    90.6%
    3 |  1750 |   8.92 |   0.31 |    90.6%
    3 |  1800 |   8.98 |   0.38 |    90.6%
    3 |  1850 |   9.03 |   0.11 |   100.0%
epoch 3 done (9.72 min): test 92.1%, train 92.2%
epoch 4 started (9.72 min, lr 0.013)
    4 |     0 |   9.72 |   0.31 |    93.8%
    4 |    50 |   9.77 |   0.22 |    93.8%
    4 |   100 |   9.82 |   0.67 |    90.6%
    4 |   150 |   9.86 |   0.18 |    93.8%
    4 |   200 |   9.91 |   0.50 |    81.2%
    4 |   250 |   9.95 |   0.23 |    90.6%
    4 |   300 |  10.00 |   0.25 |    96.9%
    4 |   350 |  10.05 |   0.29 |    93.8%
    4 |   400 |  10.10 |   0.16 |    96.9%
    4 |   450 |  10.14 |   0.09 |    96.9%
    4 |   500 |  10.19 |   0.29 |    93.8%
    4 |   550 |  10.24 |   0.38 |    84.4%
    4 |   600 |  10.28 |   0.21 |    96.9%
    4 |   650 |  10.33 |   0.32 |    93.8%
    4 |   700 |  10.38 |   0.31 |    84.4%
    4 |   750 |  10.42 |   0.66 |    84.4%
    4 |   800 |  10.47 |   0.44 |    90.6%
    4 |   850 |  10.52 |   0.10 |   100.0%
    4 |   900 |  10.57 |   0.17 |    93.8%
    4 |   950 |  10.61 |   0.17 |    93.8%
    4 |  1000 |  10.66 |   0.11 |    96.9%
    4 |  1050 |  10.70 |   0.29 |    96.9%
    4 |  1100 |  10.75 |   0.75 |    71.9%
    4 |  1150 |  10.80 |   0.39 |    90.6%
    4 |  1200 |  10.85 |   0.27 |    93.8%
    4 |  1250 |  10.89 |   0.31 |    81.2%
    4 |  1300 |  10.94 |   0.27 |    90.6%
    4 |  1350 |  10.98 |   0.78 |    81.2%
    4 |  1400 |  11.03 |   0.14 |    93.8%
    4 |  1450 |  11.08 |   0.32 |    90.6%
    4 |  1500 |  11.12 |   0.45 |    87.5%
    4 |  1550 |  11.17 |   0.23 |    90.6%
    4 |  1600 |  11.22 |   0.16 |    93.8%
    4 |  1650 |  11.27 |   0.24 |    93.8%
    4 |  1700 |  11.32 |   0.57 |    84.4%
    4 |  1750 |  11.37 |   0.43 |    87.5%
    4 |  1800 |  11.42 |   0.30 |    90.6%
    4 |  1850 |  11.47 |   0.33 |    87.5%
epoch 4 done (12.14 min): test 92.8%, train 92.6%
epoch 5 started (12.14 min, lr 0.011)
    5 |     0 |  12.15 |   0.23 |    93.8%
^Csignal: interrupt