estevamfurtado@Estevams-MacBook-Pro micrograd-go % go run ./examples/mnist      
train: 60000 samples, test: 10000 samples
model: 12730 parameters
hidden_size=16 limit=60000 test_limit=10000 epochs=10 batch_size=32 lr=0.02
training started (0.00 min)
initial test accuracy: 10.3%
epoch | batch |    min |   loss | accuracy
epoch 0 started (0.10 min, lr 0.020)
    0 |     0 |   0.10 |   2.29 |    12.5%
    0 |    50 |   0.15 |   2.15 |    34.4%
    0 |   100 |   0.19 |   1.89 |    59.4%
    0 |   150 |   0.25 |   1.73 |    59.4%
    0 |   200 |   0.30 |   1.32 |    75.0%
    0 |   250 |   0.35 |   1.30 |    71.9%
    0 |   300 |   0.40 |   0.85 |    81.2%
    0 |   350 |   0.45 |   0.91 |    78.1%
    0 |   400 |   0.49 |   0.75 |    78.1%
    0 |   450 |   0.54 |   0.93 |    75.0%
    0 |   500 |   0.59 |   0.84 |    78.1%
    0 |   550 |   0.63 |   0.64 |    81.2%
    0 |   600 |   0.68 |   0.80 |    78.1%
    0 |   650 |   0.73 |   0.55 |    78.1%
    0 |   700 |   0.78 |   0.50 |    84.4%
    0 |   750 |   0.82 |   0.64 |    75.0%
    0 |   800 |   0.87 |   0.43 |    90.6%
    0 |   850 |   0.92 |   0.25 |   100.0%
    0 |   900 |   0.97 |   0.51 |    78.1%
    0 |   950 |   1.01 |   0.41 |    84.4%
    0 |  1000 |   1.06 |   0.69 |    78.1%
    0 |  1050 |   1.11 |   0.59 |    90.6%
    0 |  1100 |   1.16 |   0.32 |    90.6%
    0 |  1150 |   1.20 |   0.59 |    78.1%
    0 |  1200 |   1.25 |   0.28 |    90.6%
    0 |  1250 |   1.30 |   0.44 |    84.4%
    0 |  1300 |   1.35 |   0.39 |    84.4%
    0 |  1350 |   1.40 |   0.47 |    81.2%
    0 |  1400 |   1.45 |   0.36 |    93.8%
    0 |  1450 |   1.49 |   0.40 |    90.6%
    0 |  1500 |   1.54 |   0.31 |    93.8%
    0 |  1550 |   1.59 |   0.36 |    90.6%
    0 |  1600 |   1.64 |   0.35 |    93.8%
    0 |  1650 |   1.68 |   0.34 |    90.6%
    0 |  1700 |   1.73 |   0.66 |    81.2%
    0 |  1750 |   1.78 |   0.44 |    87.5%
    0 |  1800 |   1.82 |   0.51 |    81.2%
    0 |  1850 |   1.87 |   0.48 |    90.6%
epoch 0 done (2.55 min): test 90.1%, train 89.5%
epoch 1 started (2.55 min, lr 0.018)
    1 |     0 |   2.55 |   0.55 |    87.5%
    1 |    50 |   2.60 |   0.38 |    87.5%
    1 |   100 |   2.65 |   0.39 |    87.5%
    1 |   150 |   2.70 |   0.24 |    93.8%
    1 |   200 |   2.75 |   0.39 |    93.8%
    1 |   250 |   2.79 |   0.21 |    90.6%
    1 |   300 |   2.84 |   0.36 |    90.6%
    1 |   350 |   2.89 |   0.16 |    96.9%
    1 |   400 |   2.93 |   0.35 |    87.5%
    1 |   450 |   2.98 |   0.63 |    78.1%
    1 |   500 |   3.02 |   0.39 |    90.6%
    1 |   550 |   3.07 |   0.20 |    96.9%
    1 |   600 |   3.11 |   0.31 |    93.8%
    1 |   650 |   3.16 |   0.23 |    93.8%
    1 |   700 |   3.20 |   0.36 |    84.4%
    1 |   750 |   3.25 |   0.55 |    87.5%
    1 |   800 |   3.31 |   0.49 |    87.5%
    1 |   850 |   3.36 |   0.40 |    93.8%
    1 |   900 |   3.40 |   0.13 |    96.9%
    1 |   950 |   3.45 |   0.68 |    84.4%
    1 |  1000 |   3.50 |   0.84 |    87.5%
    1 |  1050 |   3.55 |   0.13 |    96.9%
    1 |  1100 |   3.60 |   0.16 |    93.8%
    1 |  1150 |   3.64 |   0.11 |   100.0%
    1 |  1200 |   3.69 |   0.29 |    90.6%
    1 |  1250 |   3.74 |   0.29 |    90.6%
    1 |  1300 |   3.79 |   0.45 |    87.5%
    1 |  1350 |   3.83 |   0.31 |    87.5%
    1 |  1400 |   3.88 |   0.25 |    93.8%
    1 |  1450 |   3.93 |   0.32 |    87.5%
    1 |  1500 |   3.98 |   0.16 |    96.9%
    1 |  1550 |   4.02 |   0.27 |    90.6%
    1 |  1600 |   4.07 |   0.14 |    96.9%
    1 |  1650 |   4.12 |   0.32 |    84.4%
    1 |  1700 |   4.17 |   0.50 |    93.8%
    1 |  1750 |   4.21 |   0.18 |    93.8%
    1 |  1800 |   4.26 |   0.33 |    93.8%
    1 |  1850 |   4.31 |   0.31 |    90.6%
epoch 1 done (4.99 min): test 91.5%, train 91.2%
epoch 2 started (4.99 min, lr 0.016)
    2 |     0 |   4.99 |   0.36 |    93.8%
    2 |    50 |   5.04 |   0.45 |    90.6%
    2 |   100 |   5.09 |   0.26 |    93.8%
    2 |   150 |   5.14 |   0.71 |    84.4%
    2 |   200 |   5.19 |   0.31 |    90.6%
    2 |   250 |   5.23 |   0.11 |   100.0%
    2 |   300 |   5.28 |   0.39 |    81.2%
    2 |   350 |   5.33 |   0.24 |    93.8%
    2 |   400 |   5.39 |   0.45 |    84.4%
    2 |   450 |   5.43 |   0.37 |    90.6%
    2 |   500 |   5.48 |   0.38 |    93.8%
    2 |   550 |   5.53 |   0.13 |   100.0%
    2 |   600 |   5.57 |   0.36 |    90.6%
    2 |   650 |   5.62 |   0.26 |    87.5%
    2 |   700 |   5.67 |   0.19 |    93.8%
    2 |   750 |   5.72 |   0.59 |    87.5%
    2 |   800 |   5.77 |   0.16 |    93.8%
    2 |   850 |   5.82 |   0.58 |    84.4%
    2 |   900 |   5.87 |   0.12 |    96.9%
    2 |   950 |   5.92 |   0.13 |    96.9%
    2 |  1000 |   5.96 |   0.49 |    90.6%
    2 |  1050 |   6.01 |   0.13 |    96.9%
    2 |  1100 |   6.06 |   0.27 |    90.6%
    2 |  1150 |   6.11 |   0.28 |    93.8%
    2 |  1200 |   6.16 |   0.33 |    96.9%
    2 |  1250 |   6.21 |   0.23 |    93.8%
    2 |  1300 |   6.25 |   0.22 |    93.8%
    2 |  1350 |   6.30 |   0.23 |    90.6%
    2 |  1400 |   6.35 |   0.42 |    93.8%
    2 |  1450 |   6.40 |   0.16 |    96.9%
    2 |  1500 |   6.45 |   0.23 |    93.8%
    2 |  1550 |   6.51 |   0.06 |   100.0%
    2 |  1600 |   6.56 |   0.47 |    93.8%
    2 |  1650 |   6.61 |   0.72 |    87.5%
    2 |  1700 |   6.66 |   0.28 |    87.5%
    2 |  1750 |   6.72 |   0.25 |    90.6%
    2 |  1800 |   6.77 |   0.21 |    96.9%
    2 |  1850 |   6.83 |   0.32 |    90.6%
epoch 2 done (7.54 min): test 92.3%, train 92.0%
epoch 3 started (7.54 min, lr 0.015)
    3 |     0 |   7.54 |   0.17 |    93.8%
    3 |    50 |   7.59 |   0.28 |    87.5%
    3 |   100 |   7.64 |   0.19 |    96.9%
    3 |   150 |   7.70 |   0.13 |    93.8%
    3 |   200 |   7.76 |   0.32 |    93.8%
    3 |   250 |   7.81 |   0.12 |    96.9%
    3 |   300 |   7.86 |   0.22 |    93.8%
    3 |   350 |   7.91 |   0.38 |    93.8%
    3 |   400 |   7.95 |   0.47 |    81.2%
    3 |   450 |   8.00 |   0.41 |    90.6%
    3 |   500 |   8.06 |   0.28 |    84.4%
    3 |   550 |   8.11 |   0.31 |    96.9%
    3 |   600 |   8.16 |   0.12 |    93.8%
    3 |   650 |   8.21 |   0.13 |    96.9%
    3 |   700 |   8.26 |   0.16 |    93.8%
    3 |   750 |   8.33 |   0.30 |    96.9%
    3 |   800 |   8.39 |   0.57 |    87.5%
    3 |   850 |   8.44 |   0.59 |    87.5%
    3 |   900 |   8.50 |   0.29 |    93.8%
    3 |   950 |   8.55 |   0.26 |    96.9%
    3 |  1000 |   8.60 |   0.13 |    96.9%
    3 |  1050 |   8.65 |   0.44 |    87.5%
    3 |  1100 |   8.69 |   0.55 |    90.6%
    3 |  1150 |   8.74 |   0.26 |    93.8%
    3 |  1200 |   8.78 |   0.52 |    93.8%
    3 |  1250 |   8.83 |   0.21 |    96.9%
    3 |  1300 |   8.88 |   0.12 |    96.9%
    3 |  1350 |   8.92 |   0.16 |    96.9%
    3 |  1400 |   8.97 |   0.16 |    93.8%
    3 |  1450 |   9.01 |   0.21 |    93.8%
    3 |  1500 |   9.06 |   0.15 |    96.9%
    3 |  1550 |   9.10 |   0.45 |    81.2%
    3 |  1600 |   9.15 |   0.30 |    93.8%
    3 |  1650 |   9.19 |   0.13 |    96.9%
    3 |  1700 |   9.24 |   0.21 |    93.8%
    3 |  1750 |   9.29 |   0.24 |    93.8%
    3 |  1800 |   9.33 |   0.33 |    93.8%
    3 |  1850 |   9.39 |   0.11 |   100.0%
epoch 3 done (10.08 min): test 92.6%, train 92.4%
epoch 4 started (10.08 min, lr 0.013)
    4 |     0 |  10.09 |   0.31 |    93.8%
    4 |    50 |  10.14 |   0.18 |    93.8%
    4 |   100 |  10.18 |   0.65 |    90.6%
    4 |   150 |  10.23 |   0.21 |    93.8%
    4 |   200 |  10.29 |   0.45 |    84.4%
    4 |   250 |  10.34 |   0.21 |    93.8%
    4 |   300 |  10.39 |   0.23 |    93.8%
    4 |   350 |  10.44 |   0.25 |    96.9%
    4 |   400 |  10.49 |   0.18 |    93.8%
    4 |   450 |  10.53 |   0.07 |    96.9%
    4 |   500 |  10.58 |   0.26 |    93.8%
    4 |   550 |  10.62 |   0.38 |    87.5%
    4 |   600 |  10.67 |   0.18 |    96.9%
    4 |   650 |  10.72 |   0.38 |    93.8%
    4 |   700 |  10.76 |   0.26 |    90.6%
    4 |   750 |  10.81 |   0.60 |    87.5%
    4 |   800 |  10.86 |   0.35 |    90.6%
    4 |   850 |  10.90 |   0.10 |   100.0%
    4 |   900 |  10.95 |   0.18 |    96.9%
    4 |   950 |  11.00 |   0.16 |    93.8%
    4 |  1000 |  11.05 |   0.12 |    96.9%
    4 |  1050 |  11.10 |   0.29 |    93.8%
    4 |  1100 |  11.15 |   0.79 |    75.0%
    4 |  1150 |  11.19 |   0.32 |    87.5%
    4 |  1200 |  11.24 |   0.29 |    93.8%
    4 |  1250 |  11.29 |   0.38 |    81.2%
    4 |  1300 |  11.33 |   0.26 |    90.6%
    4 |  1350 |  11.38 |   0.74 |    78.1%
    4 |  1400 |  11.43 |   0.15 |    93.8%
    4 |  1450 |  11.47 |   0.27 |    87.5%
    4 |  1500 |  11.52 |   0.48 |    90.6%
    4 |  1550 |  11.56 |   0.17 |    96.9%
    4 |  1600 |  11.61 |   0.14 |    93.8%
    4 |  1650 |  11.65 |   0.21 |    93.8%
    4 |  1700 |  11.70 |   0.55 |    78.1%
    4 |  1750 |  11.74 |   0.32 |    93.8%
    4 |  1800 |  11.79 |   0.33 |    87.5%
    4 |  1850 |  11.84 |   0.33 |    84.4%
epoch 4 done (12.50 min): test 93.2%, train 92.9%
epoch 5 started (12.50 min, lr 0.011)
    5 |     0 |  12.50 |   0.23 |    93.8%
    5 |    50 |  12.54 |   0.30 |    90.6%
    5 |   100 |  12.59 |   0.24 |    90.6%
    5 |   150 |  12.63 |   0.35 |    93.8%
    5 |   200 |  12.68 |   0.19 |    93.8%
    5 |   250 |  12.72 |   0.48 |    81.2%
    5 |   300 |  12.77 |   0.35 |    96.9%
    5 |   350 |  12.81 |   0.23 |    93.8%
    5 |   400 |  12.86 |   0.30 |    93.8%
    5 |   450 |  12.90 |   0.31 |    93.8%
    5 |   500 |  12.94 |   0.42 |    87.5%
    5 |   550 |  12.99 |   0.26 |    87.5%
    5 |   600 |  13.03 |   0.34 |    90.6%
    5 |   650 |  13.08 |   0.27 |    90.6%
    5 |   700 |  13.12 |   0.43 |    84.4%
    5 |   750 |  13.17 |   0.28 |    90.6%
    5 |   800 |  13.21 |   0.10 |    96.9%
    5 |   850 |  13.26 |   0.42 |    87.5%
    5 |   900 |  13.30 |   0.12 |    96.9%
    5 |   950 |  13.35 |   0.17 |    96.9%
    5 |  1000 |  13.39 |   0.11 |    96.9%
    5 |  1050 |  13.44 |   0.12 |    96.9%
    5 |  1100 |  13.48 |   0.20 |    93.8%
    5 |  1150 |  13.53 |   0.26 |    90.6%
    5 |  1200 |  13.57 |   0.48 |    87.5%
    5 |  1250 |  13.62 |   0.28 |    90.6%
    5 |  1300 |  13.66 |   0.32 |    90.6%
    5 |  1350 |  13.71 |   0.48 |    87.5%
    5 |  1400 |  13.75 |   0.30 |    90.6%
    5 |  1450 |  13.80 |   0.16 |    93.8%
    5 |  1500 |  13.84 |   0.29 |    93.8%
    5 |  1550 |  13.89 |   0.10 |   100.0%
    5 |  1600 |  13.93 |   0.24 |    93.8%
    5 |  1650 |  13.98 |   0.60 |    81.2%
    5 |  1700 |  14.02 |   0.29 |    90.6%
    5 |  1750 |  14.07 |   0.46 |    87.5%
    5 |  1800 |  14.11 |   0.09 |    96.9%
    5 |  1850 |  14.16 |   0.31 |    93.8%
epoch 5 done (14.81 min): test 93.1%, train 93.1%
epoch 6 started (14.81 min, lr 0.009)
    6 |     0 |  14.82 |   0.32 |    87.5%
    6 |    50 |  14.86 |   0.11 |    96.9%
    6 |   100 |  14.91 |   0.15 |    96.9%
    6 |   150 |  14.95 |   0.55 |    84.4%
    6 |   200 |  15.00 |   0.47 |    90.6%
    6 |   250 |  15.04 |   0.23 |    96.9%
    6 |   300 |  15.09 |   0.41 |    87.5%
    6 |   350 |  15.13 |   0.24 |    90.6%
    6 |   400 |  15.18 |   0.28 |    93.8%
    6 |   450 |  15.22 |   0.32 |    90.6%
    6 |   500 |  15.27 |   0.24 |    90.6%
    6 |   550 |  15.31 |   0.11 |    96.9%
    6 |   600 |  15.36 |   0.22 |    90.6%
    6 |   650 |  15.40 |   0.17 |    96.9%
    6 |   700 |  15.45 |   0.27 |    93.8%
    6 |   750 |  15.49 |   0.09 |   100.0%
    6 |   800 |  15.54 |   0.50 |    84.4%
    6 |   850 |  15.58 |   0.19 |    96.9%
    6 |   900 |  15.62 |   0.60 |    78.1%
    6 |   950 |  15.67 |   0.17 |    93.8%
    6 |  1000 |  15.72 |   0.27 |    93.8%
    6 |  1050 |  15.76 |   0.15 |    96.9%
    6 |  1100 |  15.80 |   0.23 |    93.8%
    6 |  1150 |  15.85 |   0.24 |    90.6%
    6 |  1200 |  15.89 |   0.20 |    93.8%
    6 |  1250 |  15.94 |   0.20 |    93.8%
    6 |  1300 |  15.98 |   0.47 |    84.4%
    6 |  1350 |  16.03 |   0.17 |    96.9%
    6 |  1400 |  16.07 |   0.23 |    93.8%
    6 |  1450 |  16.12 |   0.12 |    93.8%
    6 |  1500 |  16.16 |   0.16 |    96.9%
    6 |  1550 |  16.21 |   0.09 |    96.9%
    6 |  1600 |  16.25 |   0.15 |    96.9%
    6 |  1650 |  16.30 |   0.33 |    87.5%
    6 |  1700 |  16.34 |   0.33 |    87.5%
    6 |  1750 |  16.39 |   0.21 |    90.6%
    6 |  1800 |  16.43 |   0.21 |    96.9%
    6 |  1850 |  16.48 |   0.24 |    93.8%
epoch 6 done (17.13 min): test 93.1%, train 93.2%
epoch 7 started (17.13 min, lr 0.007)